function bestPath = BestResultFound

bestPath = [41,35,43,31,25,32,50,29,47,34,42,46,28,48,33,38,45,27,39,44,40,37,49,30,36,8,16,21,19,7,20,11,3,6,15,12,2,14,22,17,24,23,4,10,9,13,1,5,18,26];

end
